1000
280390985 333828194 461091055 966676560 187206400 759374552 417327611 897968778
265335933 274344544 141203419 960149427 48091985 755209188 439550382 632640179
76585828 704803602 259372820 278098746 328721454 892047236 15482697 314614914
670133091 880787509 274205481 305972223 129345637 743414702 23805687 641784074
460976986 463173830 75064733 337413093 87898223 648183385 492392343 766035670
362242766 486112113 117451953 578701448 211341626 386720450 91524051 409518686
140443806 521407857 32491041 222139148 237621845 850129311 199622306 583433171
473827787 907754935 651169637 741921745 236222170 603173423 527491675 918863604
697199155 864904767 197898892 993928336 338837030 952802989 315045755 963934561
395152360 824949143 211669592 285014059 547049097 606493985 155709994 746937790
68456953 377849142 631945183 771102615 615470986 831567488 207052137 375742272
157911626 948973881 26911908 761085048 185196051 406919934 532465003 734911557
271824701 526393338 77144041 932810448 749261360 865230368 392189795 542695862
144413719 529720206 603424056 754365453 76769302 762591798 145226254 202878197
140440939 834823379 608428276 768845221 518907219 975897357 676818844 984170548
863598807 924871238 290420244 962583640 123035093 822885246 394859793 697495196
201794936 482821996 67025303 472003833 84599707 716709980 81529778 462237516
69119320 246430185 175715838 537470185 740348381 831711117 173458443 824668408
427688112 942303663 285613035 946595330 122299934 918201020 475930525 695588609
766350768 985898741 108933833 510688600 60700147 589236014 356309977 791030949
543522142 680830161 480638201 710572603 25326470 397540140 496486676 562167978
94445789 99638162 672202513 926156905 692502894 845660956 750825312 972707357
36438347 787964618 558681989 771819038 11254632 247749563 106786949 997153372
14100330 617475548 455852695 958603556 167429884 678175695 74214188 99399995
662488949 848260045 98316536 554852388 687815418 969536717 594803212 782261206
119522076 921691230 466710476 708418111 311759774 965183031 439417832 605664001
63753222 200714472 16862341 211969104 123649290 311502784 61638827 178119465
593641189 872758735 124333235 486488512 40188618 585888506 198547423 740965014
100893807 605916162 691797902 788709224 139117465 575452879 349660460 570970430
131904892 258639540 223822571 816370935 108305119 296181017 496895489 829486571
172058340 846348911 483561123 561380944 623019770 822514552 416155741 514196939
685450 348294856 240999826 540488975 439090308 591552749 539984114 981964839
197468911 526279092 328693337 625438141 665396556 752180118 924036096 975098600
791469535 884085009 375018 32782378 829861588 899774653 71832992 529677866
91058809 528726850 203757754 407910466 566594930 922107404 619913494 914889786
12918820 775309206 8405963 214399513 604471569 990370801 654456831 754383626
369166245 935593314 34562800 279894971 107509922 687773432 424374792 958598895
898979456 958973912 457157169 651270460 641351851 839351386 22595053 575619803
782926546 836046620 202037828 226352806 610670376 698782651 116927613 385979581
125333575 711701470 168689390 452895445 59795422 968220727 189903323 823146220
955557542 995388735 224466123 535678518 35581369 63067464 814563271 960053310
269726830 847071633 318350083 340939835 109078216 893969885 363534887 744521113
442404044 582532857 193203232 946558940 141186694 916002904 431699164 705404516
884594608 893852830 714589909 874093905 549756477 944390029 904493231 939778763
128959353 357830370 327973633 420897833 17057074 140543294 87977456 864128706
406327538 410270123 57584892 371864690 152813774 421119779 116385803 735346630
863523822 915461094 857226868 928549861 212765376 831463998 562631383 577833179
97359983 289241639 41750011 292423087 49432670 691514467 49344837 834045126
14535110 30908374 47965447 322759021 155078403 410736476 565348525 764610504
817064013 822195396 789729567 969877787 95831526 758631721 705224416 959355347
486290629 674092814 358073163 669098566 84246300 699056004 648932339 935906342
80845780 373487939 65002405 543198701 130278449 229760178 161186823 966863593
244295287 289622614 61668621 399373689 700359089 826279125 369939454 964722214
606968132 648474520 339817240 744306045 365599852 897558007 556177743 892209017
77792661 236364987 102798532 935420991 38704873 162038960 436869681 535526898
972067004 980068381 102345453 453045655 209828559 272425599 116048627 454123845
177717247 562048212 114923653 853497534 3996371 670736099 484863106 504987242
130220582 677196697 101809638 495820433 510503733 574754703 240545801 811119690
343344332 588296393 599057032 750335352 35926712 234565556 138378602 206632560
591424256 868511444 78340002 161494364 130059342 863849854 278414418 384980199
90994084 307776588 164289311 245854422 614246534 730717527 521792904 744467115
260430575 623602542 92803899 835185277 134106274 333349699 498821318 574919018
676694031 950394701 325254369 911259586 463632970 838837764 117892145 707349208
131902860 907573577 623939783 638205561 261962201 875702111 422255141 902354200
724973 966696194 433459079 586544451 108337354 731442499 177926193 991873073
270730091 584456247 571078872 679574701 30912371 604079790 133290172 145997889
323768610 981307071 44549757 672661187 14958254 639917931 232526746 547491508
146861113 870732306 23947642 261339666 598950769 926301841 418163314 683594806
122655608 927026813 510985663 851622393 29548585 83509313 355375087 520481912
152795028 887466139 91560783 609391169 90075024 918378509 742681340 752201932
266359985 787231096 277379470 906277915 509906215 654705701 306285774 654083166
233154872 330233415 832105640 915422831 109051607 451533988 250268954 888594771
101891346 426705947 252096785 510215259 607471871 983956282 30697170 989267661
347454362 974774305 118349222 598658829 193856520 917365680 36242016 870551153
446974 981087616 488309668 795036282 101322056 510353188 142392833 743508060
284071822 910332015 245639781 575613699 214382354 678399004 134234551 641088300
386331336 632806701 3819911 469279335 34517080 846319558 193773919 458546995
861807736 909722176 312123141 631689767 35190645 103578695 520448134 937182662
35637619 315484416 425492330 545990806 269322823 420401514 142015217 405910996
330733529 717628916 545115882 651550776 248544271 785785327 38720534 881350972
24633014 42540444 350630306 870952571 77057523 661693652 791381611 917242842
81882334 571415827 275587729 527510874 117072978 796035863 5226948 464693535
742702216 964036630 85875804 551217754 163103730 693232970 346353610 491786799
143337575 263378237 511922508 891469491 781639253 930190024 245789831 806272266
596420136 972730467 529741188 902304342 110630139 299500381 546202304 682045966
381382714 674306384 62073191 498455692 322858598 526766725 286895227 503682639
121985293 907416744 285089022 372771030 453166066 864557829 631442631 716544302
375428473 860411755 80983161 642051007 158134849 326772991 300839624 983381667
683097163 775709478 738202360 886339617 136921015 982597544 363980257 420901934
482975124 811227399 134085996 714952300 9741848 71151291 131727140 273497575
646268604 978568034 269332513 431734099 363342784 753291495 794753 76270890
81777913 128719968 139371168 718321896 261067256 871677871 36776733 122752834
554775034 713471546 389888929 775632701 196534634 850392560 661619958 753869185
321337837 679509757 541767957 648222306 392489127 921719880 371057160 526011448
420504835 647860313 655307611 783847619 401151807 656102363 382388126 860118508
430956756 590396627 374275645 703980234 155150978 349544831 593273319 709926011
63016376 368906019 99814939 913408935 417957005 706200476 97466761 427545245
27538312 75767550 272543790 491751069 850003781 870278869 270508615 643600949
151424911 518139181 771807339 906872585 619507445 807527273 6711817 250440252
50464200 380987461 58131529 954420485 400210155 730532291 768057540 793548666
720388830 769116174 39589530 559473953 279105657 839535549 137056290 159160320
481323711 767819450 431704109 617823230 204118931 927821410 722258111 740848196
79246320 647720781 346581801 739289945 119744577 353293617 22725128 989730196
734281078 796667032 80856656 464813368 49393539 848914195 110878386 818509712
421819377 522868690 553441385 858099241 362404238 847671882 130223687 712601705
181511944 996822165 385630874 600563268 193927815 924643574 856406246 960405336
306987137 841648595 595696190 961393171 437942737 660280753 247078182 984118298
64974954 87126120 136519658 711891550 675286287 766405500 40741228 807545721
198154976 518161313 413075565 594182613 159300669 218349547 395815603 399861490
8639185 996378870 638008716 933282759 42823036 598414051 642205356 884471631
90417897 757917539 270714644 698381153 528360633 535015803 468003104 517792825
82200726 452507108 71428959 604522762 264584834 757487012 112170187 955641987
558869151 782746147 1095693 221233903 570686171 617049505 253473534 579325355
465944726 891482249 365124465 508767762 7329820 342412652 100330190 245755744
97747716 944136896 371044833 478624700 331669050 888837658 636692509 946627804
403666917 971038383 581041747 708121468 668251750 672808006 389200085 450997896
84193508 610433988 304609940 654879678 227483492 558083474 86721384 693428218
449565722 451845849 54712331 791978373 300468074 459175668 409439736 744824915
97121321 115869747 428790371 888064435 834692238 857223756 65482879 680778491
90875506 626120698 114336589 759127256 151445055 503536673 62641503 88154914
113970660 367251443 193970504 743034591 829755975 925334916 227416989 887398721
134118175 942111051 19395362 593293842 95095476 616736628 2733577 192216796
585122726 743314364 294862834 621007166 430522953 539006397 521398459 975641324
17643446 89977912 21604853 280525714 343167216 446030936 109759766 560001596
710418658 852794357 488269925 753972099 493887171 535066683 669184857 715686914
288514573 587598627 114995050 383610048 204335254 970244979 575826843 789457979
49350361 713559342 84320812 144082294 440873109 912478487 458516554 517997104
798522817 854972750 153520038 480121406 589881172 994206385 557141394 713521633
295191880 320010083 45411319 682774914 666413605 761098232 204476122 954928177
201213210 319471171 191054576 405548463 142232501 619397770 47522793 855791842
668748130 984359957 109621238 852390488 222903943 749354795 420654144 456843897
21426760 753291901 610363934 868149496 176401918 195689424 425290889 490881303
323218559 496412000 15341956 26172568 84316790 230648689 138046351 970270132
13841059 550119860 543594813 692352360 443633958 633238828 154503310 400660554
105567393 427993914 29865060 116640899 328471335 389811394 202414446 486708956
97072889 143103295 70563941 338792718 273474806 348371182 622403157 682190373
671589740 708362940 608422882 637745112 460531595 939011629 341647840 746469232
142580397 474372653 34000199 960127833 287177104 586214354 114631142 866724619
83788392 245260848 573732183 896589678 383298634 473599786 469219432 628662980
332887874 551743273 606362680 808012149 342718873 900114454 81282188 424220545
51081813 719027300 885159778 990093441 179558894 484145362 184257632 506447899
70774182 626725758 65456463 466575731 357951286 433723224 603212133 932181081
370027967 681287110 29460667 843627752 64585743 658123647 165363535 249989969
62383271 973375684 856352648 962497724 168610908 937634835 219692720 239234620
124394398 509178486 62302512 688737380 246560143 461056111 47701630 87781868
317334325 514277360 5754682 527801962 790452114 800516935 131014094 170544901
12991113 471739223 388841318 866689005 32052539 523631111 586014381 638831286
347700285 857944574 26555482 401028456 137851471 640263075 98764553 647029957
161067065 617173824 78229934 188283688 235985317 260143559 18528153 577477883
602779028 876799186 105279844 403295962 88810290 667251299 426357214 991506874
293046218 954317754 232864543 477948864 177615109 871695828 35559682 63963244
71912464 317508051 62115163 62280286 13396068 957771125 427461301 709310242
174463132 750110281 358207586 434606690 229252091 986095597 441390976 864600925
106051276 822397120 625818927 844686937 123560503 763723761 469842152 718041514
416606720 702706694 48506729 594221828 426918873 964986324 482297862 498831336
282494374 396929376 92781851 561111621 122938215 410325443 372759503 584788574
730967088 873048495 711660444 871911616 736512540 812735530 5567771 771303158
411426011 850254708 175149772 249638436 719480587 973815210 242938281 745707637
422187280 794214366 689676461 849106152 171974322 611717041 200453839 894211415
568903697 614081811 839509617 979229140 212269119 737020025 416534065 462584872
140962032 795752558 26761667 608488088 32329437 877474571 141416934 232307597
481946032 735100496 316566705 561432057 62274341 201426618 476130249 804370338
346563150 709005058 173238451 177752752 378206590 518537471 67449865 939957519
759475833 992288400 581824777 771703010 40753427 971744951 620013860 896926000
181715458 923687666 59190029 81018299 313325895 808533454 53123314 543633950
369690018 795271926 105066006 996698543 284480710 761952695 325345143 846002120
108515844 503097894 19240570 479569666 881304483 939206786 272043537 726109235
43746546 698682618 160450363 522943920 57376362 84499972 142957779 266215430
76492430 833580379 177921810 494630184 231045123 389818324 38264133 185090250
453251492 995846491 34305144 737732201 359650287 610315537 436250672 571347733
455491241 862748180 596569015 903433750 175477286 247214378 175194601 945896995
71740184 188161315 156240155 321357266 98054028 316831397 274971936 931634406
393323826 452893745 278780941 783142149 169561426 536455219 820748750 989706710
17924268 855053894 579955263 628239804 16205934 67220532 52103888 782485063
324213527 955537638 231570429 571427904 406765029 983531275 55271458 369841251
594926343 691198516 64027965 692980370 338999900 860546264 106386441 477131127
755912068 791893645 180865215 889528590 562793691 925473493 170571925 943397760
270363936 750527187 337584467 424153915 328774155 619249472 120069530 943462998
136828144 204156310 120359418 514890902 610921339 884732152 28147228 58364033
92175192 428447019 141509635 603860755 80991881 431175091 75585087 247896075
137424664 689420300 256450302 467410144 427022226 552734707 263324255 823098642
30065764 539994522 13199461 649315235 133268990 868768676 5596819 445294585
189941651 960185486 125956236 800862989 6619815 697433989 711743374 978397359
98795006 315604128 119906993 529970097 249112360 367803068 605555183 791049012
357744083 862005484 110975507 910478789 141544061 374299762 171609824 586093783
599293243 914294283 635579310 673441411 118735995 585078584 641176128 775020234
619648715 931437832 428399575 481388172 140142948 626268530 459785530 725063535
308263427 432208875 107549983 557375786 713105166 800011942 10272376 200941149
311916656 575110649 716654710 773267517 359361299 686216417 453027051 740780885
414222295 958654541 88606360 396249476 385474641 582298839 171269709 316912472
54463905 599669283 533248786 798300643 110602525 592328582 110828673 900592008
218378655 542811399 195339692 310484146 511425294 931483820 58128419 359110821
823341949 831395935 75765530 362074717 43273585 669062766 1928125 815101767
83285061 756224478 250693952 321276053 191039668 421963661 98019925 638188525
289005519 874149295 466477877 631268710 252124395 742097382 219586236 794935793
530070381 960476037 842791836 891959856 41495675 900920255 103587028 864837623
31868909 732316189 79428692 775589774 700931675 894530458 630034250 636733087
503271288 880728202 546827307 958009139 155208214 448714015 29357508 644847231
276115941 737719534 348351736 989843928 18213322 567937972 637296073 831205710
98008352 332604260 575681918 992020378 233524514 679268945 709374353 818357055
711137854 788803044 412069528 446463180 76497429 535849853 39121140 48802614
809741982 859328104 438464799 817466547 83312029 308042119 699340407 898278004
47692142 211944321 82673995 740638283 230450707 468146465 418671169 913879704
489561621 563054967 263207898 796579480 21346918 972582250 467452886 732484771
761385293 913916065 144554298 149751498 45873263 842929846 41388989 505188179
479853787 757717718 65759836 322654726 21995132 563165816 775110136 816554191
557192474 922203625 242866442 857784130 624180186 787643180 203214498 514053962
113741806 777261859 135088723 999793978 319763215 749844109 363745753 720089845
233679280 717160494 76609125 513497250 554886239 615550108 373267826 434313655
34740025 756968380 291544013 450422192 108098204 631479863 78048680 406199840
517807029 788349161 157966560 501582633 15636594 412529346 361181058 378787504
213491387 792898452 366392578 395258912 86482423 533254601 611521017 619450232
125018266 656159268 271709376 548575708 532420856 982889363 419677233 497493553
592374094 789037565 76370309 722615776 749652120 800664455 119975500 482570148
441529968 984152780 130458412 854059313 491639469 852305725 85363168 497720528
304272098 557647207 90901807 892979440 243270872 357016808 562868391 899430139
111444098 334551425 23655866 866972281 94333460 521149418 139165865 539223906
162703335 861781640 615594214 912355454 98164361 514962447 884847306 956492414
15305717 934833492 639655568 663068078 359461537 600947598 137376095 917108743
882871886 905219695 148490566 860526901 239888693 423395291 47920704 574440118
71576570 387355741 293928750 334205552 285610966 445242339 607945673 873429457
147392605 489023670 372817479 514871403 257664784 439704382 227054225 323880168
125486852 839464598 484948388 866709792 440412195 856602239 198148241 402057130
115100382 739474124 346638806 831879169 247075861 538495673 258835638 925851413
171168782 552764387 112573316 616411121 838375352 986002773 76873145 838284308
327542794 449690623 205672063 767247176 382068582 707355406 832842257 846817752
221533179 566043896 170306996 514461725 422646134 572364125 14636609 712609965
59248770 687464507 78476531 846515777 105351414 158840983 182526116 856844295
510632152 969417610 201523855 798937236 875810381 955420382 135479528 892324515
97996577 178017355 885372761 902726703 332581510 602060806 554114689 570731369
168104701 741038365 68576413 443267186 165918841 633702730 457903795 705899699
156935923 545467851 704308833 784376229 114803689 493736875 477952192 886834949
463154485 538288536 271091218 679476047 266615268 424316913 406570745 444632623
161813799 374829841 182521735 707411350 605769455 763874605 114042390 784495657
35135155 199324171 227762843 365243012 538182989 668837884 71142710 214305734
695118911 708035291 662438951 771130919 54288517 510482219 140391143 517443001
48770754 672383541 167902374 641050571 47621315 96700453 465051348 471530293
61951466 647573082 31457994 678342422 105858888 145500384 305183059 462838078
180635538 543117272 670426070 849473421 81300260 594085131 63779154 628935523
154636773 687426424 208925290 291374473 197908642 284281967 99195748 578884642
219935212 956665507 53365959 119614473 120072879 584665820 34540696 377412603
84755253 408870597 190614140 712883117 28237546 554370980 495797198 735006517
18739619 571354818 436996289 652655077 353291794 612824750 134106951 619977874
40718218 425481424 91143211 828903163 260304157 709763390 190338958 518945249
309953430 480239368 424827559 452828598 802240162 894619249 487369293 979374501
63627110 200252409 22504993 470514441 228489955 518302190 58037309 799844772
495033597 537041809 2382910 305016200 439123151 848325390 622360783 889043607
303780298 717120926 279400667 980186818 23042127 564084454 44323821 798345915
185511909 223173474 80131157 349668771 837038063 877929987 912022010 941557096
37290472 934527002 118296778 264587888 305345543 322625196 770657901 842387351
75674100 817658792 665984181 844770260 367313602 467131043 84434527 407544140
240247309 770911340 187512145 216351546 14697460 115805787 84352317 301317695
90387285 434021087 233965204 968317271 145987213 271059150 160865973 762390718
26978605 933030566 90892460 131679102 349603800 902337002 19778943 933279811
778050070 830527453 50357407 685763124 97697464 945823615 134791933 721125155
38587275 203659830 154393061 908637299 218357290 992989616 308744574 455710756
427010702 689675959 129578197 550586203 688179523 891968914 473726440 711452175
843131276 918947519 121067670 564618899 497898709 597984629 140846613 428512082
128465131 679126088 78678946 478869488 466177772 624949702 663536976 799804101
669837602 708441399 740711243 817930036 126157143 553947366 49455816 980958068
31550364 815833101 384060622 504012623 95512797 923519278 694983148 977739062
394874313 791160424 241661405 816050817 809413781 892773021 670173486 873754503
1559325 488539868 952433449 966005921 320253448 752237549 482059248 990091049
152505636 313195299 583318643 867142665 278662778 485290811 94495879 700617084
84677705 516841174 440360451 451024853 32706853 281280267 135343598 676383629
676154579 803910767 421443951 918045033 440734870 465840899 295198454 954380767
100148254 294810546 615063993 772903039 254962287 852385802 18097452 457671394
40990036 407467922 686130699 737756468 290889903 526280846 43122020 633142929
84167782 228083960 113307164 335998822 323858772 365448048 41602626 789690792
560252176 980285890 315562928 446126788 610761381 853503397 148313942 253023906
25926945 710909634 415811787 763377935 73565680 133405583 286425591 393389856
24182058 114555715 79520554 493352913 315071961 565179835 388991284 543155920
649347616 724990105 656463083 867312015 298670227 901365228 761430992 881651117
76993919 711438754 180294257 564942151 285834514 540271652 103697637 565772444
164277810 181666730 297683392 519509424 255232409 805935014 369788124 691073247
623110153 682633423 863141036 997705383 40806339 104648671 393377654 690153954
829638775 902357089 409982320 583520355 53543667 171413311 317687823 764982420
100923581 497982079 182440922 641195232 748213366 783816593 744892869 948094402
116918644 929880095 98294146 185112504 641883744 922853657 407416979 458003431
117510248 123074366 158316586 308225166 227723036 701602819 57361810 848470539
110969210 456476259 493398516 510019925 282382520 811086339 275002345 383306101
161584769 457443266 24501332 945401361 58172983 621910552 746012115 988053078
696822612 738829195 25681933 514199203 338706355 433098911 456216603 972202634
280427799 556173276 614533188 783896311 315520079 834546969 291023228 693774472
187172988 426489288 561388160 801043152 928561848 998259326 12360446 944694260
238521466 821711943 296694448 957761807 296138847 556290273 34968041 284747525
105629236 310429457 444335590 549167244 373886229 743528367 152217994 753068544
220118084 654314027 341377347 936114304 535638162 629888776 632400574 814643801
285960078 669578115 376031960 520353792 67038277 173242571 305559742 532714237
342992395 847470866 143609712 602254190 887001714 899282667 4911902 31094104
49947523 580261347 301763844 645992241 54832387 954147575 460977953 798210235
127466822 734324538 663104983 802355300 216729665 287272225 330265136 886307779
425748654 706297095 259177922 492786931 732056018 791892159 579526883 798346672
134884553 400600861 575652946 886683572 140118927 606747049 42582801 744111825
39524748 45875668 688575041 993672322 486785275 953224407 80691228 307166627
73626165 962038278 142872181 596312563 101826854 926577698 29179960 527575508
140874233 485391144 20362438 69963513 818709109 932766391 67650944 649490395
71826322 77659692 64461600 806850867 550962691 684406741 107044400 723931488
449354711 795619440 255095469 570120161 134921067 877286787 188303048 208547231
637131962 691841416 351419411 793668270 233115722 416226011 321243777 901617155
194122566 373989955 159272697 971580667 12831674 473587414 79439992 937174347
551247105 886290858 1635946 88170197 108680345 289769901 739124611 812101684
382221845 904299785 39220851 846736431 35039478 112024983 100284433 803866399
304220195 524687792 450051020 940913802 537335917 771294796 695047308 763842223
519144327 965417361 830765386 923114919 2554911 992731740 396495196 620456085
622092030 888845768 31132020 484665393 149283428 583288727 340104863 770256630
469509412 531505272 231842065 496046607 332126497 357065242 152429357 881753033
602480376 636346691 26198959 822666834 226291523 370230494 44225235 790041181
565672452 889374820 734622911 874990620 347963056 568227362 131118106 309589481
468299850 970055086 340721501 405860164 617583278 963494482 1604901 745965026
433003894 977807090 497651507 790069135 162449938 650080863 524338519 798796628
105077590 199521704 331369112 677511939 320069471 569752197 375594346 459127016
103101318 885741922 46266278 306485635 29900736 451064373 273635810 616075116
498200585 809312968 679495973 968300214 425460998 772807449 58327694 969905115
255784439 320072973 418234376 700913180 225251698 822670188 69547356 927747777
424773402 747059294 259116889 994525598 67128764 634711234 306168966 952870686
352435243 737812551 41393276 111872672 382335978 727947787 315029085 733052915
389777106 994525058 15100907 701353128 272502407 523774594 73428600 528286846
696363919 774341780 519034106 946521221 16068576 852109829 129399582 299298234
558415122 763127869 123925180 682772985 45642708 282610497 488160022 635971610
487562091 600032693 677364885 869898069 180496832 992393970 455467335 570273937
9336814 986919027 111937785 585374843 533111408 658803443 81991678 640224630
285661574 586745851 137771402 601025783 455330778 900324016 70974999 119687336
96128867 311255490 209414549 753747983 241908004 378739363 845386158 866301453
522751043 841940696 22437527 588715873 44183207 367661364 207096742 445227816
30602658 53520021 319034526 439147780 541922452 959259156 521139457 827584025
398521358 974681591 817871779 853852135 727521958 937559114 38777447 924827133
33687980 678575115 100708347 264943694 772999470 946094505 467456518 983761498
321361899 424993723 342410396 689023262 321693281 787638211 227729653 896120003
215154528 818240869 212679672 666877432 26930035 40533240 40263697 425451392
15214830 710651827 279303527 595253140 56647011 500727292 386931623 486546938
587255285 735222126 360737947 504391668 488153165 533349789 828194464 854711687
170604860 913146887 87356520 396251300 292371302 958243070 315086172 629000290
360042181 981963604 386972216 841679962 734460010 875013195 742744377 812423607
91727133 297628188 337997516 650871831 890496 824544453 37803453 736112621
264316089 394711472 96850567 797665877 777561383 882864636 504893915 648527875
901145214 948166242 735884394 758925663 46032867 50970565 240442305 406075048
885450520 934638618 612980067 793047263 457987221 521614979 355724443 819243166
402230706 546238310 322631348 403121201 212951152 223299114 139233821 487615203
88600739 607662623 137797431 343043610 642691346 718678473 519361066 991571484
396352911 579972229 130803081 294902130 371245385 483459146 221426017 700977177
158400354 346540791 680015332 834406083 42646877 804528011 59275068 351774849
588885186 674406196 462396268 812184300 454146440 887357347 152315854 495019969
290113284 395263531 113942003 838063578 682151414 932804629 181673892 633303069
114639994 764106149 450615491 476576021 30069549 987867885 146268238 672041508
229126691 358963942 33654701 826283569 30574769 254127171 92929769 843012356
407842388 704980964 507713007 592338310 660028860 861988828 257252358 939874630
630454559 950142144 223710712 735463124 165122324 857013780 279762318 769653367
98745739 473636280 314020516 730377808 128815287 254935667 357941977 460288753
139088673 466415961 244113030 720543131 169663441 189559150 416071838 874644404
597401537 923784845 311906716 319499065 111890046 436330056 238988551 569159073
742344605 792869785 826968027 907466928 502399916 596621393 39745597 828552548
695367132 770123405 142573063 676698770 455378168 877575423 34640747 343991383
131270128 594466840 64534513 616646633 173345629 333122703 343807388 770747165
109423899 663306453 82653881 545753954 504329305 775196498 370057454 637258857
149715441 464226883 277524382 504631709 317269978 913364627 333184256 461248110
328273670 939909734 137946880 817485157 25103978 783651837 13992891 230635029
8890457 931043756 182236085 847281661 191089048 264166458 373590356 952983249
706911852 888153481 334624702 771860661 244999138 409119517 247230930 704682155
725862751 982206536 639227378 751862638 85046893 151992866 91902599 100475487
90938718 265836915 49488751 761904107 116042695 628413350 124933151 280123779
127405439 559457105 159685587 676139914 112668836 171010839 49730269 877922690
674107281 853338668 65063743 950854157 83226798 769745898 198085087 661605900
604468785 949947724 153349629 756461650 106341468 887510969 5864235 700880601
197280185 315301059 55352985 165839232 187993116 943714408 143288734 355687864
167914906 302974321 31827777 338925744 268159508 934074397 69364786 974014527
134428528 460698030 396441179 924868684 904174425 975470122 58047078 361159562
211396707 777934197 117621211 517961517 317738174 671018163 367534710 523825751
579178736 838835574 533373941 635066333 529179027 767171851 935086756 990754197
832153347 875098325 126528852 952829206 48409989 661689074 122387103 926843732
182838516 704228767 371344633 939529293 429391710 532215240 300688854 310149437
270826416 493304768 811042941 828110953 204453056 794360931 31094003 633196504
564467943 783631791 120779188 403319993 93646969 111533384 190923100 778316667
169968303 839148061 353353486 583662224 218378291 363022308 328256940 401216807
67251074 699601572 193262451 451982666 493951304 981509633 474814401 762132102
442759406 617294071 138373693 411655001 169467695 647212461 283360603 897367856
18147044 586451990 532615310 539196947 730120047 982196779 163448329 673861191
747110552 900088349 27214676 118466640 110132859 207987967 29900285 372199798
565462248 760105890 481882950 741615523 96531403 911929903 68946275 529223973
59836319 391807160 39019621 793395326 229304014 690763181 174896575 815756003
561426576 714093522 200887664 543623355 296729920 364335992 49334620 70000897
97215573 111446544 20317611 74095754 157719891 245033760 103996038 917825781
438395339 810496007 511957655 574942261 433420281 534926741 104166234 926733901
493256599 750077911 722560612 818269873 293357443 845682799 390832966 854784019
412292672 591720630 250923725 709022591 320924621 956056621 610873563 920019516
270656545 631191173 428376436 994115270 98111307 876224933 198718568 539237291
389022998 563192574 114179552 923949738 70862137 996612854 489869452 703199990
373986214 673456399 64946416 966813841 72185365 308295733 484478036 821597859
72521583 900016362 46016979 708589335 245962556 656890541 481125202 516619100
140598065 475240471 16822997 944995535 425868130 996230454 408576640 814891127
375272543 559423027 408552232 591357216 147073558 298651031 898421684 972107429
373576123 815884451 445761487 791437621 124180183 465551832 876712897 930239523
390589766 976256501 437818583 636552321 633147041 918943784 153171421 773745105
246700607 950683307 643084454 672568736 904177445 946913761 339976214 358853139
131966339 783849781 430617369 767405371 518343406 930923338 157015813 255241149
46678769 186744208 310924390 602777299 364746952 533016821 40153638 755336718
361789673 477972220 391889038 994936713 396916004 397576810 621198170 643616610
116798975 348260117 147690229 168701697 20976419 361194262 5459109 359059719
126465089 145044042 436076477 928483732 497324846 543833977 85499544 684069053
443029097 688276842 807776049 847509795 73810015 887663432 435599687 563112766
365635652 807518155 283052752 615068007 205094965 756767273 111200968 405871433
279902664 873566247 553561661 747059017 641096925 912621379 638657318 752518125
41110953 891602820 241444017 567141049 505156944 584944929 27974025 778029422
45950138 625539216 119760152 688266425 103895542 365718999 407876190 731354650
690928941 911413697 116508661 198939008 300212565 310139975 26295163 374896445
590042638 928458105 83655914 773354179 378388655 693595835 437715006 722313232
141970632 272015959 531675375 856960887 309704796 647127576 693077713 737451264
278234040 787760363 153479361 665354216 73230405 382129582 293543278 737350363
616675698 936289370 262568290 916888262 246429345 637464734 688988334 943183425
418439190 569053955 772644248 964551376 347473831 947442610 71974920 254782734
341960814 786458108 928935807 989088389 96162903 518903422 534682453 736439617
52553020 797137461 31783394 889918977 125783425 479785691 325326671 742459122
416075061 440411312 511863735 515020757 77876045 455047159 204009090 348831586
24101114 829169689 165899314 824060075 29159871 420682047 371120685 896034994
207140154 677487152 155819408 212725425 48906925 747407878 698560738 892259024
634694352 799960897 730344131 778260673 55670802 114480043 373236146 383071455
348598465 885099881 278990862 898092211 192663391 954617652 69280856 627822447
783787341 793721760 812947211 893340930 66920158 641892276 36584247 274060311
171895779 249309672 73319056 282396070 27171445 996717549 649194797 771879793
502223923 661865797 279971822 628862191 410411076 653207967 759009541 864449997
538307847 615058559 38000402 730971238 518339200 569676210 205979902 800252093
164577312 546109375 231497469 871443465 40518002 908027711 64930132 358074132
157337382 640470201 6571282 138249187 667641646 910128979 182023794 508282431
264869254 788254252 675280329 810885984 441462218 527852332 286806221 832286417
142910890 177322974 415774006 565103451 68542450 548178526 712755837 771083353
495043169 614651824 507686177 796769657 154843788 403070879 412924613 572616309
710865495 795313989 315471986 419495894 620994474 927778324 497495779 885863727
160898114 568548927 10011145 413660407 552982980 688750445 694813913 831661334
110587918 730305953 131000830 249281136 20364488 179130367 646298543 843756666
367924008 493042675 153984719 770994887 647886462 726601027 36435851 295716802
289982874 455931744 611188787 910977347 108684565 236226420 649357425 804775346
122099030 915534183 667302842 810849474 214633106 468517162 51339467 495027159
325221023 744308295 182340296 356867742 617189134 878613314 3166284 985113142
9667354 371655988 608624380 872058801 645060230 736268381 20291955 26251254
100991973 631480741 189734744 789744952 291618728 592681658 714780687 847026442
59669262 366845635 378146513 528186424 581478741 873173671 432042242 906699763
614382537 617481965 87187451 116083856 119250139 345512202 72300592 717168189
128917493 680924971 441743342 717702225 178501552 462035296 132009876 596469830
93516036 238731133 321744620 538714045 21287413 530349860 106011084 590019121
388133047 484157596 969611787 970721896 209847618 402764137 728827902 827329583
844911757 869663026 215175227 914517033 839333976 964161896 784859768 945595740
226603109 372775298 551276849 663297964 112284145 688638404 634670791 683286724
5031343 351015277 25901188 881365136 26318755 131912271 266968154 323900608
147138856 468586218 236579940 678433835 549902992 965407841 272082369 358279769
125313153 662835950 479514197 487257596 124633715 964647128 189938777 425109936
351236823 940924251 741215625 892391578 53208395 424502349 379578720 404223671
282050043 405479907 138105158 160885150 314522117 389908529 427853303 711011098
461660972 516949594 11563964 241961285 334873787 600241053 136162684 997709736
578070558 623420279 395234037 477223932 748053993 754850219 585172814 951807167
326388438 695774469 601499215 844198744 76293816 603407138 5722885 885457181
481773722 996344394 724198603 898858682 179228336 310866510 435209700 772527482
677170984 696177929 31051715 636607797 129928389 772770480 28761450 707998946
248707111 358501733 103232982 849277455 113351951 540922147 661642771 801084622
497799717 867310585 115658337 323234074 121381221 574093532 61207606 908383606
960066287 970241966 133624828 632582208 139294622 920308259 835472551 906152309
395276457 449995595 579923983 719040617 20563288 600318419 121786750 140439280
96188613 958820151 924688454 971064205 624665178 637110760 356937696 438847576
122464894 554505913 549074778 680171769 528403485 741379375 309974735 351161803
553962013 942556942 484786630 693256635 243455290 715381552 165377146 381245537
100286153 638731746 511811385 597817480 553120923 738256759 364457426 633598135
604662339 686961724 141662231 176588835 81843868 580509806 56825113 533526530
66214650 987532070 368451907 605899890 660110376 915874624 214072389 719613709
204400338 710947917 278845821 759845375 141090911 447855627 444222966 939103724
42040446 93893415 450915108 499530690 84513242 632813556 172291631 863988115
5650345 541691932 348880465 623535799 438676502 882406994 426208572 680360912
138777153 801137996 461248371 794660478 366790538 907168129 470632397 527837111
287682485 571190875 749478217 871562853 46217535 281289747 227699514 810666576
88257980 114098035 573587887 727230203 51127629 443734669 445335912 745879518
94759982 449385013 68871711 888061514 601748974 829683328 166786437 483337675
593042478 813963266 500210606 944586045 180753803 324939508 604461029 970843003
572837571 612621992 476023881 746428091 139206808 619055105 559829436 974127604
105821195 553874158 133417323 156948823 731813192 997608826 299510190 602284734
523672796 679089525 40088055 361289204 59390844 977938121 570980599 844626878
641729275 873354109 54107912 923707556 747066910 966668782 431807125 511085292
319904481 987109173 30751567 938959585 4879170 978832332 84653526 351305373
337239047 411269679 94118700 261394856 69052238 696403434 413421397 600658114
72592581 453509452 50530702 814463670 511606899 512900295 238770755 474027652
5852525 250251559 145395018 972521306 656480310 997318469 169739301 256844783
287596349 496105834 108698885 474938165 144991871 312520609 408777901 412108043
506226742 649759655 571328244 670172757 55146527 83594153 24502710 127739108
389619956 838966379 30786161 755036602 350573277 357330164 356425802 993807357
139202374 607581722 181463459 604900190 290824593 795682683 144304868 774639490
578420942 735854727 575929164 619243033 31351075 48375335 550651342 984707064
390094168 507396172 121979585 445240695 146482294 443506677 572979802 833126632
456282314 985448672 188538301 440679586 434486942 813612477 397480454 421194198
426205667 578943912 74404702 878610740 505766581 869768505 218709569 300705798
94137659 837952601 142512994 876634961 713858376 721820027 111914195 545680687
221254548 667660271 409671241 664761224 666658917 982651042 350404207 504623940
291449707 791083792 105062183 693162240 78087085 90642693 378772732 504292752
257383471 522102957 244387813 578697453 763150052 797407021 397609962 857287710
126761274 487875974 62212352 852317055 250514093 840619649 26642898 61874196
436314138 918174364 437349632 579151771 271481531 782072330 562931237 941973571
425672473 487652163 503759558 520509771 430811207 899282503 860568661 952914163
9182325 291782465 49818327 772332376 89189485 447428288 429581810 482136438
186969844 574189561 267325562 344310514 370953411 437483937 181716109 208174652
659783901 760867880 645524283 931265431 395456561 440014205 346713020 821129033
867222790 927666367 177404942 358477574 37973602 619021644 163908088 628203969
66242767 329756066 253052696 271461903 513671054 735189133 553560064 940376967
774675329 897870577 64675617 207702528 121340340 389418636 272850268 781124240
2802867 770890902 398259427 564906022 210905106 911619041 71904812 138571473
249309753 631358183 102896178 349565398 287283355 365989837 469555772 731100146
432232603 984152842 741017674 945903657 147094090 571858326 346533654 738796975
44964666 946499502 166305005 411209270 188434489 536575889 43753708 947429244
307466790 364851618 370888248 442013134 128987010 513917945 361976072 760345192
711541469 763227698 863241370 903027404 77531305 446857867 362280260 372583175
431010708 966117201 2869034 160700268 113211290 899497242 10692307 201919039
465644661 698513095 176997312 886947583 2220549 976942907 162203691 930701290
225230776 341794524 470781534 533091938 591665072 895068009 83643077 207409121
459125829 799400798 110436524 389173485 246258665 335536051 529785724 751453744
301653251 912154011 267380892 385171109 587090148 811651252 278073198 362680698
52734808 455070509 102144633 907471708 32845922 284529768 69675398 626324291
110593049 602767335 702258121 949622176 33265253 350351695 809477523 909667241
685182402 872620117 198651008 931441066 208156167 950104751 313743142 362325769
698914250 714775114 378942717 629706660 138520749 907779857 43771908 741623415
215366718 843768047 499896485 951243616 20919013 729130320 126220775 839723369
476202700 928359303 394497841 826554394 156681433 814140907 488548269 499323308
29301549 687199276 89974067 283280726 489820378 597023867 57111843 452299835
82006494 148454468 286975217 436054560 177677974 842302703 57669420 330747124
21446020 281990739 557565904 603092691 155426104 536303030 295332411 484145155
317178684 689830251 131319590 163215900 651764168 699028036 483159250 580845936
191479795 766439975 670820003 681300173 215980193 975636189 364434660 738412015
26982926 910159035 651409876 752461737 204660899 982157000 78623270 662647508
72729763 116664090 124606545 681715961 609032792 977048371 608751699 926211476
519394974 771967599 70939361 910047417 393206666 423731766 615211561 651785296
12162992 175121650 80659536 149028085 150757839 739956451 60916873 445094196
766939377 949020423 665894961 971600275 181058820 783693774 900357864 902739897
253788582 436972209 24964408 862821373 266536931 486232459 641549200 785931904
258200057 404112969 534448174 856871264 361172912 797319634 2176086 661998978
151204170 536294561 687052399 742658513 40269060 891160621 510616349 600485623
118896935 989289483 334732975 772983256 237472871 299955754 525857471 553744335
403338231 674445079 269082060 940982010 763147611 889570689 287097 579430265
167260579 288817881 534735270 817096565 536911356 649990792 38801704 479095542
74270406 540631877 284308849 725854103 114539466 178856077 103828948 794925197
129658172 150269364 450225117 729328555 107702378 219647394 856485804 894092473
125567863 511040608 253127648 687590834 119537450 741231825 105931096 908492404
260871682 640666365 578105320 910862473 30094072 57200861 570725949 949664177
131471266 528034631 98527083 855034797 502476346 559407059 202356030 709676422
632134517 931684585 12417891 851781910 39386962 868903694 402943921 598390734
138497919 846987908 508587920 588219732 110551721 614519015 349228487 371423402
107701731 927333806 134802227 137795803 84466403 837051018 561038103 821038636
268589251 465017385 24424443 919565718 771065596 974438100 255716464 586617217
599035107 758639036 107498374 650542349 467938800 558405459 53486269 167443059
414590540 549419730 659971450 755662790 29109554 957407629 31394851 136811284
166197077 737257786 127123438 426825156 103179831 688161540 100380143 420713567
19945860 956750791 297654362 727816386 846900311 884271578 605539346 983532850
483306684 943547575 108598046 803761835 14600666 354469385 903889114 971204893
429191205 579384034 416376915 458300758 447771766 536791662 126565800 447628394
466485194 574751831 553390955 569665025 262913371 653771097 72180513 990378591
140549304 526233308 373133619 799996898 24820881 636046099 360643916 831189316
432110025 939787362 164405750 639095762 135610642 954388027 383579232 395501227
567511028 811878142 104302689 694396341 112166259 142024734 83384840 578651452
636775794 716776565 832828 832206287 290546890 991211419 816780198 904386799
131760722 556900048 9097955 42430168 45462499 873619483 369741870 477572523
386663972 665923196 116668284 620311223 364685863 374790965 856406806 942301992
176564004 550803146 288730262 899121033 545344232 982505872 114637148 867381713
619281666 868214541 762344907 946843434 711942311 851230232 431641456 696219384
260646631 474071623 306109129 557833690 200207458 927575560 783681652 866130653
166755883 752866287 338958227 541546847 47881384 117552149 146632504 483848839
235486223 598684530 144028761 287879117 7777182 217992094 111182260 689790111
58025693 875991722 440450384 452135018 761772276 883776473 22418906 989186119
210364448 547019809 263088257 328528035 327111720 964726038 129218909 493867602
320693488 570108676 35414448 540177177 368574871 371779638 686809680 819775752
607265860 974688797 677774306 816320864 927503123 982465978 367564416 710974051
672215785 985528815 3940786 599817442 408508610 993126904 618873057 622236348
392663064 803280734 572291135 881961313 768006771 863696573 66158736 190631798
36906412 954089536 257997635 730808974 178385525 270135006 77773386 638167737
97340154 894094250 79806131 315942042 536022809 674113724 512158891 643296533
208238594 499753670 111976332 616747203 345396925 586729031 88136611 738059989
390009764 822614275 10532886 162867475 81542563 538827199 201164684 575733611
35632098 931973657 66533974 833731245 54625014 764020982 151965167 704701710
510631583 873160103 84287649 184745307 409182912 727584181 469937857 696904197
79854202 661396880 86685059 425251127 27338021 248125911 15827467 490652026
178694941 849952295 241295845 501184912 260237503 554865947 148385952 817029455
339355955 503277051 214919926 393980969 119814385 772137987 545946135 630445967
630233784 645298090 815191273 906997353 210334316 364611821 290188518 376935209
26008701 316136619 126650963 715439644 195990991 731267110 45943285 617302988
909962050 971004251 139755481 170199553 525870197 956784936 318585504 865226152
312578338 386021781 111723472 432392722 158159768 657669606 62838689 655974209
287903389 730546313 498237705 562971561 792423121 947674486 788426222 826199538
108559739 356382217 157067081 952850500 87649326 422669839 55526717 997611375
195282197 246190442 20327279 772060638 4583484 191429135 317161822 489803141
577450915 601526612 602070895 735610682 111712570 517425935 244101242 399615958
100488600 807072802 48163085 750370014 391312587 452012274 413088364 874362622
679729473 747694803 570155444 835344128 625682160 954915663 201106104 685471855
558315485 820964357 825547840 825683094 168002586 749744619 142709661 327195534
597296908 769529198 881241767 915322567 114722842 159423809 133374076 215211441
819012962 883744090 115890877 271025236 127573028 990253498 684113599 875267831
106785395 522499322 329931337 563128310 101116516 732467554 531037440 553431910
209236885 659432001 231496102 409176619 226722114 377239471 146768668 588888504
504211071 824019021 880526786 938741863 516151231 866417213 6469655 335164192
122360532 602677654 458705779 730250682 142819378 965130381 340146055 605518512
21163173 102121124 670077391 834588677 53631182 122279689 240536939 781711689
262868067 472033040 43404659 640107537 632293163 698755153 522774174 639392556
136504233 372435693 314032388 505171815 173018394 238852905 840336006 841530559
151558137 295378925 113025658 424297592 29816103 146893866 249014989 453171712
50979275 123249102 25775315 83603665 176880283 324140603 439748349 807487003
796173642 850891662 79855885 347445147 483184824 571764792 472205408 870219320
36768059 944200484 35569741 977377222 209786452 670229579 357681729 877100299
153914242 821787715 470707386 968681580 36246696 923879097 70212920 87225970
47128198 153816585 76524832 113001285 330473539 773004639 126647181 368789533
301161769 623896300 326608679 959597475 49344350 872926561 284319234 817127044
86112408 114212807 148415211 852696784 582313434 784442386 458746452 506096939
736227675 976804324 279944384 772474370 350157303 900683420 712216692 800327969
356490239 677734328 686963778 729369153 98158685 303255318 666127310 927151618
399320453 992735988 124763365 739265444 23584678 42080337 128192744 941890409
137797484 647103544 129124306 774756221 81933330 635221245 86019025 670677356
365963408 612025568 295668078 365225340 7884769 568637062 18069660 925127301
538135448 747438812 612091078 841390765 130734739 698113848 97434301 621058734
123470726 212840530 18067414 74714017 16604425 236425207 146260157 226739042
127900814 516224321 1495263 450674002 87514287 763122058 121351357 227663978
305994046 417019434 592889317 874631107 277420554 463475328 668072353 799758407
63430492 264365836 361979470 761544339 395100574 983038203 371087651 711494991
48395084 786209008 284820290 389155064 387931572 655329784 24070456 511559332
365570946 515832386 278954443 474744457 453085232 596095814 506618420 759079277
865631599 952024088 143052153 486226735 138501494 415499416 478929907 663640857
25620326 402867329 92990597 650484255 804485588 861174881 21571905 909569964
410726969 590694595 46906606 98540730 558465937 798658540 122611186 167007277
597355642 924036882 229638465 445961720 45967807 805096491 841234093 911599406
327460827 757120579 25136346 907167910 465962320 570808766 356582604 721346001
448945444 449573200 310120324 371830255 245918511 254058787 72206639 697269733
119113244 656645479 307820371 795810463 677579180 918421648 454132413 474827647
515777289 773305718 536287229 561745096 377521321 578402209 188039139 325860853
233028762 557498500 23460819 65691836 422274439 656353879 105299322 597323171
871847638 969153425 125906425 267935997 67588288 340142636 675692509 724233766
459255879 471502971 136835059 884570488 211914487 242440970 443483823 758218259
979771052 985220204 172479706 416138764 209808724 498340558 604177902 767307223
583885671 669869737 240239549 643284394 92144175 93123916 198055223 816508165
62277341 465991219 129865628 794930941 470623449 806133854 265389733 706615745
443702585 794642772 37083741 254741143 550741317 655617071 640837274 647818351
383028720 820298056 56976038 592837444 171154965 513670291 212661018 755040635
36056380 708461763 847796536 980716906 45851758 801585679 716379371 797225070
444672362 511842976 170493182 698761350 257893446 915295811 435882914 562454934
543140408 701596030 357213100 599538674 93881724 99873377 476910444 850566726
760059115 920171432 922264239 943842749 126245757 134925256 162302136 551399735
399196270 695903371 143019042 497489049 297564379 792760463 66384771 809407355
89949177 765146120 5244987 979900536 23039565 268299801 420216272 724635595
19754945 811440208 757838283 934365046 119628321 784931771 87265078 892316105
9529316 397507237 523752994 688675205 240074939 996970924 686055129 692874294
491787561 681590522 42879694 789351939 109264464 326867337 416816513 451275645
283692532 874410583 274577851 749966499 551992332 694794122 215948891 327118445
261483491 567065418 539210091 973787174 61052251 898931613 284042547 296438850
923097919 972717751 820191843 920068842 65309041 358763323 465459487 557096601
360855532 892870197 72253885 198964892 470119995 650240536 197046929 489070397
616164599 933933068 338441751 947013427 126648224 163475072 554390642 730540489
380694167 388131714 122266931 139579678 258825829 294262769 69877039 436018527
84059931 108726721 149368972 989945880 307921718 320006396 212876592 558981924
668777249 757946815 285130476 991413595 408187351 626717224 40976875 194636770
242881822 987990302 406356893 533078520 87469161 114638525 355286590 989413733
111680664 320679679 467458800 494866267 223022844 783401146 307082775 537335838
379798070 892127866 64650613 456451746 15433669 687719787 209013388 277527204
415174031 625896836 34084186 52943334 41891254 93920209 81237307 137289427
81910510 614315826 49065386 543646319 385576404 554301339 256868327 874981017
349773419 604250945 194956168 572796262 387652090 732292006 132296308 879879036
112090075 188847133 196946920 652326213 56797154 326990476 682693989 861339600
742164506 914282934 569294526 784055760 8203142 650531832 921345186 942630003
264847657 317507857 819148995 844211740 703084260 953596418 52857678 546646364
557847362 741602531 478170291 798015804 326410888 358049327 438500962 930312111
546896459 979775382 90827175 603693612 306765857 804683126 48930363 138903952
571482411 708198477 432201904 685502474 358730308 459364011 227348258 476094317
629388219 924076349 147759663 184988830 694406026 877672766 90362859 288036480
288524909 568533150 86052283 614935796 868880745 926582476 325995286 905953110
701172478 849296636 7938335 782205250 506496113 921109201 77978524 909385049
447403874 629307678 362696779 840554337 442561389 759284236 316648653 388672455
366637737 464408316 96826855 573661284 11330693 664024143 152371953 237379686
85073644 175948320 11656119 767307749 44829064 525777210 190167756 598517893
375073845 972373005 458972579 881569957 220873979 745998558 227822587 812064832
27277963 668277852 68376923 280078440 237541928 469839351 668750894 688993439
94928529 701950243 565797287 785820293 23199978 611469023 696542666 718169240
51664649 337993340 96493712 560715136 750882892 863770549 91360745 547527957
6500535 575772248 174287157 972930701 227374514 637511885 402109743 748168717
470486666 517306199 28247156 987145549 549514401 708028593 262495187 528655339
166991984 644442930 108428304 828292473 42708313 398978064 94372962 804970970
365686105 736971403 43383025 600741951 590910981 969085348 397373948 692102695
517549748 597411516 571661104 677302381 7577984 973770847 425471097 524884182
296773864 306234605 4802456 364546082 855749005 893201420 119813994 352708286
60193403 800622818 102901716 461136590 199600882 266107559 49791029 936572284
93174053 484310015 389830587 453395363 684085034 934449633 134012901 850769310
274946765 304515732 312093715 811315281 89302729 248717611 545491474 689494248
54040329 395537333 251286338 402810281 375140626 799758101 603994623 712467855
65131212 175763444 227880677 667885922 183755122 717676950 16969312 668065137
406799898 810851003 347452388 973976851 193765883 677262512 481465288 498281614
292780568 952209276 53443239 810375329 352385928 382083296 598934712 777620629
258942609 854261345 58700709 881423318 229401970 337934292 257681765 623684915
144087189 255581856 439336977 485562441 502531753 714280490 377647844 959918465
909331650 933895315 103097532 725100231 206565518 463674178 415883454 453895498
116787178 351862437 469326692 733945733 469173105 920777755 364082713 728115713
98022382 775039099 639332773 856957421 115534040 435956673 114639185 691538528
259621228 600201626 130875505 973901717 102733378 943310321 204065913 864581379
729721988 929166143 193396165 820195263 126607112 135731661 340110449 461795970
243394289 931122661 74056181 712567393 290655245 704416768 331972218 440683106
80015878 388677626 188929638 824634299 48066269 156085175 307687496 368689178
352081034 756286800 134105565 711536529 295391355 338171477 25113342 428634259
101345873 119853971 71025858 108101983 227952984 532821828 448212432 471347272
316460840 374784964 20877607 36431017 477114122 665440209 205366177 906634186
394295814 409646351 457712620 583784836 550380988 952474014 159184139 617916467
304555047 752022031 452462753 723237019 4387630 942709859 62563830 330092446
105733502 401118304 170665812 186202838 618878243 786456483 102917322 657550109
693981125 993663207 511619767 976311281 23611598 34193809 270770304 285774301
428489622 854555140 743486920 831386962 213919738 807029153 964100551 990571100
566324471 965941769 416563304 761167979 570712100 746655749 676445601 823731808
290404 846913972 786746886 862648438 318308566 372714899 164488124 742180560
571008192 919212375 676107890 942823973 605202000 946878194 81114625 886207973
653949685 824601544 313495189 717594934 38521281 560682386 277595739 856979401
127006856 546675394 470663732 550235307 145847495 146911891 79197259 146137898
941845697 993825862 312134428 785401136 167076947 380098047 86289321 476622551
5246793 951106238 408824589 881629645 804641338 962744269 147548913 458591022
639862164 865143847 530899797 772086210 278342584 902198300 240395549 257865791
448873694 711059280 594721188 808101097 857971171 887298355 593375437 704313384
378776572 681660403 16447811 701253701 345586714 758874618 562497207 640059374
203349858 374205370 7991195 823838147 189465991 971387060 319098568 829328154
91184777 689047258 212744302 967389841 305656203 845899428 77771983 147289473
16715482 738389431 727203004 742010660 187902449 478204137 12380892 284032740
152996902 566679020 178069990 713634592 353693965 498583615 593083548 701933472
416921695 727899335 562441018 917365325 240825106 881539585 599209830 929872363
664470484 825240713 671140141 749778555 827550537 970126686 818429613 839358519
412956625 418456319 419077875 896660455 600859073 703110614 20054444 909041346
622675938 856107515 50640785 207207482 643724333 828886254 409301940 909140953
60646027 324098323 153987484 179183616 205637907 778393446 30878620 83859846
295380281 833638400 265506966 554535112 225481076 513705288 104865484 932161606
376459710 490954052 91813124 681338412 79570323 590379758 935677838 964383920
15024704 65572047 142885319 894458300 658749036 904542623 156276592 571911414
81157297 335460207 286795204 725898897 113853652 662275094 170190175 261750284
348429845 577241638 527257249 862135132 484639085 802722713 146193117 646813089
180667853 861098794 90522592 793185469 54906511 771047610 581379658 689136008
69931215 576781328 436110659 581196602 333840302 592387250 5624368 414997599
584039616 927847457 701792802 894217460 246314710 724499328 155967744 594744554
301740965 535741344 309396038 956980029 20380428 808725478 103173145 733995574
193695737 989393330 379697394 612957291 101118599 961077051 23566165 302093298
537858378 738203957 604762767 871698679 183107558 462903486 110955014 139212629
46943101 841005430 5172474 145774162 13656569 418021109 719762073 740518716
549397912 902431105 422294692 529258454 632431598 711156582 8806617 553066264
388504010 678643686 166023554 779762285 202097412 320633204 739955789 803328449
58837160 260607567 94461069 464170819 603383448 723511052 205416083 770454153
63104908 296905229 714926338 916228314 76761476 509263381 287204762 478675739
264210837 816463215 753486782 975367419 301411165 762293398 380950034 980054850
3313759 546973587 205411170 612333486 415661935 867606790 778960301 797883310
114570481 676269501 252296905 873421370 717953928 931353804 22751057 867375508
791495722 994458711 434818197 923736538 153275455 722022959 254928628 417486291
8415410 391002525 245370061 544930041 623225159 626320094 377501243 479055270
25810033 989834728 684466439 745933174 258013014 334866101 377409827 934282515
103347548 449436581 19906860 39095771 34701351 61846827 881676413 887282367
322100564 705858900 657929302 711650706 896639874 912857929 129136997 140158750
227023409 773789690 249531201 685088791 62590033 705859855 728586470 731669887
52424760 265569260 162954126 330119412 600435360 707529238 49871940 97236640
136332410 810876785 69778799 845578135 50695588 809577518 579770899 609070839
131678081 237700200 173237897 880834306 3074481 154891245 20993055 629380522
381914653 706081845 87774507 878911722 460014543 621188229 526129341 671960745
2080157 578100155 31051866 689083466 562125746 638836457 80923806 373002531
3218956 627685218 71097017 530897157 650867916 665312825 139967995 649507257
165722243 741084467 530341562 744158947 320613487 403850969 226055821 702528140
104967542 109932813 583637394 642818998 167296095 417498437 109766734 995598591
21892603 798850199 26650456 584018348 290203007 960090613 809537230 917888224
815825921 880634247 333655097 448785380 384018514 441269726 125102980 983162354
366020267 606991969 721778279 927605455 769871235 947834099 482649946 732320400
905317992 977985296 175332780 315957793 145281390 278240878 19690344 23447722
77091076 902614530 219810434 456225043 265762273 715221494 137698657 383563766
439000388 998912871 235447736 717218863 700381216 880270113 213067067 339778433
66401482 934845345 119900240 688789069 455066537 735195795 421109468 493030139
433051832 589583612 430849573 520879270 544326992 867824489 303056268 797431916
299457873 759281311 14679366 17242349 7457357 25043583 398243132 876472805
115461994 446457744 111920540 179244208 324987606 668359561 519022641 587277394
112349303 491439232 128582814 700061449 549692281 946505768 45607939 232073952
139275892 566487209 662923524 859616732 110814200 965979792 262788424 657048647
526807347 577777454 277467789 455337388 528227272 534264703 331810192 980722446
296247083 496205617 17081529 159966654 531505646 621234688 586100342 604358923
22944877 732941736 286161791 969450644 135150369 331769729 54040947 126942612
716964471 898256937 861587488 986559344 496124342 535460614 113238067 124375911
22931689 254360052 409712743 421091806 752901997 782587323 131309292 390435189
49149079 402918194 148390820 522900118 752749742 934423839 109000460 957368715
247678602 338207830 325874550 779335710 431964682 833376657 182737971 452817161
291892856 402857479 44325458 790834444 21217721 640533550 515981590 756588862
128094124 177680667 763197798 925694332 168645872 783099015 684764445 894507089
42897909 571564065 60180914 505987903 21697725 648164002 315872969 986371831
269376326 947725031 164762732 701341008 617579893 633618039 36475517 884078978
761989100 780920787 402522649 679826312 436415173 654654859 635265334 918504238
466612191 696714922 249711205 398463132 145486572 865360793 436924858 934475649
188384480 994656562 795429112 836548482 16354287 111302081 138246964 675436664
840199396 911543463 545161501 692104323 310295640 428699652 72284739 434153369
62136791 113979680 327323740 716791649 98344329 402911204 204573335 869523394
603036466 795059250 512936395 971750950 748523037 758742950 789423869 949861252
597806715 605915863 474786501 478488702 6441717 561625147 473168609 613033465
157654139 846641112 9453103 870846461 157516181 586353791 648490581 934254194
114094285 124012212 217798581 526923415 212438613 422371915 248963160 860014215
25408380 73230461 372950609 626447769 175328212 831973410 268387989 437889273
746876690 773134926 187276425 912675773 378225589 753318406 452475870 660445033
383807846 535879728 122233518 461928972 248699517 541324026 623240450 665336238
362793801 841039030 44776004 575232414 263410945 293739164 141335676 287762980
366969624 660713588 51459386 620299796 688558151 888687784 314209428 489348658
254540782 635564473 241399231 501485852 14447237 485282723 21162450 693875100
8320423 398255082 939579107 995912319 257019940 471669120 604915344 619813740
312708149 649691348 47562505 428635445 335325484 795946863 15432838 569971121
42787268 996039071 66892223 537113573 556240880 931475052 419555876 851323001
352808852 663298014 148580736 660955106 354830205 367256088 22259537 765511169
363150628 870688207 557606628 620170567 15038323 342357326 92500658 507581826
140063163 664729670 313192884 936217271 358704743 475388646 323944069 328625722
395517944 401492010 332967061 861057641 712380641 951758824 467573189 752522937
265994394 917705845 137478284 616153924 490929812 620824599 836491578 902989453
313112432 361618018 309178496 556491695 328150754 401679153 64073520 992880424
290790 541742315 17130961 158589659 211511884 487215380 341075029 613003894
54649021 882733324 687008499 945970954 551010242 767029662 154581687 537251858
623251962 817004636 290345586 674730141 114181773 430235945 126837163 328316142
288532010 743348376 71499130 884807836 690211162 948881355 231953477 916895905
75485563 801688497 13200380 101600789 442675817 562700943 297950618 478720625
277207931 497324837 116870850 984959116 139540802 828218172 497739159 654122707
181369200 615309115 640601096 729490887 611605144 619954610 57807028 354953520
795131215 908486619 278969001 598697781 195864905 596528921 250733769 683167609
123866819 784768397 116450501 686567761 79960565 595171125 577285401 984518378
821993845 872379055 546672603 553113579 53311661 814050998 50852737 429360112
234680860 543970185 11367350 846286004 163924794 921690729 53755875 72411413
332724875 716821943 165867216 523625545 59309505 528589779 416600984 652456597
533051484 844077901 191540710 924038465 28575439 128222609 601663 353840217
850569284 900512819 406231593 517136633 309600682 953824480 188505339 946496745
810380446 853570866 17495659 34791342 88547216 732071175 301409469 942423423
273788442 318565319 467276684 802378220 377874823 883877668 74469075 307351169
269445503 351408230 397668111 998507539 352347756 379983668 83069303 250786126
105376926 657017718 59201405 600205936 399219032 966618399 100223096 672705616
62115829 135014437 542717627 794187003 76078005 337657401 202382798 948112824
267905859 656222720 4761018 886613894 4299878 164628538 273745381 961082969
516036767 959590507 671413491 748536786 164454614 774715968 269831540 831606089
284250038 284328376 103384788 181549296 281772391 536063759 598179587 776090404
269303180 318808030 197897536 244882942 192995765 656465430 165204501 400280333
257557702 460901623 51818395 465201501 422186239 865417715 738946881 790739357
262876723 677524573 539276143 841979187 37592691 223398583 174359080 964327078
145876373 360243310 277743867 896307068 53834270 427648764 494486654 696951943
225158651 739369595 881624081 894849478 147646162 784881711 98299686 899344933
405203864 803679679 563501186 827390102 154964418 669097393 199138318 470645811
9921953 270357492 41117504 160466534 85836887 857960933 334825613 446080196
3837305 612569480 194903615 284002420 666403749 689390268 833470714 891562400
281276215 580836543 66157925 625702832 377564116 728482705 16973962 133686568
181243795 580475147 702857539 813593021 284238831 587955916 858313408 901995856
146677135 795629711 18779941 85030373 353605554 653590643 509944300 531110568
726014182 966175033 485095133 646463071 267920802 479933785 229173884 401713368
60770327 707393067 320387644 641769383 84957183 337361606 118717329 775455950
441565323 917836752 358309020 821574867 723570723 725804153 216622427 724997640
87918719 371716785 25307428 810028012 193654932 441524272 260215656 387768079
34231149 919669113 40106266 597827141 366681285 827001024 279967964 441819633
386910443 762207277 471867625 921737346 99568882 549709648 590584953 869921985
264676171 991274970 80747356 569595474 297369782 988246893 147109465 212480030
385288501 957137477 90303809 679329124 150792408 478071887 922977872 939544780
364819387 389888272 584017024 963084138 69405647 257420122 456316089 863984987
638238684 872143750 824228983 928183713 40464683 371285017 546667320 884256004
627414675 635961188 306367830 476724432 453477294 924784457 162589309 689204461
410614770 779508269 413923529 841918432 110096507 633979563 327432246 336901401
23867834 152501890 93273481 911449269 262438363 627950607 134582113 402105921
118705642 182805986 159170325 958811095 357994766 554091002 42568541 43426328
202310509 985409441 371809325 762710249 61013785 655787803 66402572 925299557
619734340 693038406 332842453 655651264 106230255 669743853 982614440 983083509
674762094 894532777 928404272 937200456 330510193 374999735 71782568 493705377
513316178 883110015 652875701 919923531 93621132 548818380 79030572 962492072
186817748 751128889 259433043 841740820 100347884 619556728 178351966 793386289
91807420 511194418 50554026 301553905 33454622 284637413 33168465 708216715
31686542 961572737 406686276 645417171 144599281 569716090 510431810 900391652
305342456 405783704 398963588 430355340 245363763 807118436 330510511 410763676
24767683 432181510 532529394 670196718 644324410 848548683 178432034 588648181
359743101 479985938 393197722 639202206 617139703 672370671 101414437 648826244
486459759 599347959 483575391 908028871 21580400 660936875 179439208 994007200
66720578 276878891 578402795 726355365 522242654 908913305 137119040 806940515
807315757 933680987 191986260 430521749 370418294 508380792 19169929 868123892
510888487 702920583 113837965 320060285 35775509 67768753 522235267 821402880
519633063 729431751 5810657 541213463 242884977 852334208 162121906 720652670
129213098 151571816 503972103 888477271 25596310 913001472 310912618 699198811
502898877 685428419 46325562 129720559 1406839 725833522 428754105 914449453
364811677 880803769 400587185 601330741 422733621 948572522 320721936 922822451
4681723 781149459 247566699 861935398 435104419 486000018 409688604 615213116
150682226 439192586 119185218 352194058 28794888 282614187 51392868 714223306
33629778 638029416 363862937 760548867 527514671 887552968 104880997 645133393
246464134 260834791 61923664 505468181 280806984 521714106 382645600 526395828
61956442 97097349 400472812 626478878 36167481 532201768 15685927 971394353
39366059 987387496 68160946 176104762 80013981 122518035 760547450 782384251
395449469 966160110 706229430 976926738 622060131 775480491 36315281 811110426
316578606 721040616 98238945 242754721 480884544 597385589 511858383 621666900
248145777 577981892 912331194 962700011 136829609 780533472 176195667 786610716
620437319 962715477 244356612 595471705 879257214 895245810 208535506 861405919
127223034 185462244 420151700 902703524 231262125 660038726 381079341 939018805
400357083 889774101 476350413 997742671 98017312 223174996 362117405 801156887
126964950 198679440 335509048 616373250 402983965 760014773 232968444 364221067
218215793 608577678 113461602 828440148 36975654 340351244 467574277 827383873
74954249 100051924 370277801 734992974 161812957 331314049 116072314 731671131
51587057 444939078 127278404 581930153 542956389 796563910 741635828 928435290
397324891 923528859 536059984 929661227 293882293 800308855 769028427 871041000
597468574 754976323 95327566 837018953 486960579 516919177 561914827 562901842
616971101 785695994 296907800 948285149 265496465 947508950 532472631 851612358
710435542 966919135 105908282 978890761 759842403 763483044 539528255 700060461
9683645 629721688 75588238 809992500 697133016 776120332 531096654 533549851
147117941 370568803 478940571 634078520 41842413 887487980 195993346 356975432
345417498 680054758 157776932 480080060 610913962 690249562 173865856 184208769
15615882 509685048 125684444 132290489 775458284 832350950 665212698 785141928
314588989 593317287 90709320 447650779 142966654 981200629 290084594 474322326
204285784 953262896 924163113 944290115 120156459 847621660 301265546 527676418
318090308 459042477 7756477 929004269 1808390 44481597 511493437 955386476
60097478 87676965 637177880 835555761 154906929 920027914 87133254 473214041
600740567 773381171 177842573 743707220 607098152 652164898 33791814 811383935
457944146 957954926 305565805 608190401 909455946 930627736 101234395 685758574
221014774 546031402 30238664 75339515 590512999 838141491 586832951 650610476
76527183 925818455 338682589 698362720 83950463 811896629 684691030 785495973
437794151 815854898 44892302 428398249 314706414 320536147 708792588 778480292
125177692 316982988 55805427 84046097 78955285 622321022 9556174 152486410
39794837 168352424 227825924 758865422 730452679 814658875 261992249 508787486
600674837 743702409 59666557 827652871 265087817 845162530 512343900 702881968
513533779 793258501 747774269 834069925 107964914 309083209 233142605 612550217
549112665 626066196 141464384 557537833 23950038 151020557 192302461 710024242
43331745 937850166 773784423 803684234 65676483 605025392 135088260 348727800
194754817 666351319 28897022 931439136 39917346 541240922 405967476 486837455
87128075 187015774 240037400 294980687 396211283 705103968 22277479 380639644
106732984 522104027 130683022 432331663 142355904 525640935 322985482 568972679
80206069 126669716 195273453 537747812 44862550 330361713 563730220 886475611
525116529 915372633 347685707 417550226 309129906 834523161 496145679 823517701
916071452 921651236 317862518 643642717 24282360 621175420 192656348 727908403
398902738 624988010 858591424 924543672 34093258 619860266 346032702 552582686
13279325 541306155 58141874 90330498 724184219 829322460 101817099 474388445
597211444 822074152 519367324 906341349 195401376 656597312 255003379 430764899
111472827 898646096 585164598 748627417 775444807 793800116 165589353 174347545
271304478 876697128 98891216 891164743 297440270 910790385 443747428 776586061
386594277 838746424 415446994 687244286 161632731 215916737 517264092 813128180
36631415 983706882 492820545 571985881 84549142 679505611 48538320 923585444
430668058 524729212 206112865 486219270 171045679 651808622 232976761 442350156
184384328 381022101 144328838 333514898 481824597 629778678 173087372 920914898
16372954 608159184 84806042 588534365 105798456 622308266 458531499 897934222
322436454 994946222 79495363 951352043 1942064 727453838 285126474 980550035
104699401 466769304 275745080 491239338 724216098 971094277 352116377 718095235
904126485 908600425 242941374 496445214 269876464 533905162 402794467 416028745
4563110 878035647 352860264 487600509 110361565 238051082 811391762 957824139
560487535 615260156 414945950 889835853 195230346 870385887 299929746 700072423
43828112 189671542 13282170 428191177 146286412 620560561 365398547 381677338
714360112 902929248 289350761 624618711 40647455 984236575 692145227 714788573
45210564 179745735 8088481 67648836 417796816 879040597 818428971 830800702
346817105 708264823 98263004 542047450 431167062 798335426 473354955 841977195
122684724 694679890 315240450 486637125 121487487 852035671 24416734 696917787
174052849 418912134 313767494 403148709 5912720 214700304 112427219 117937281
38102469 38174807 308487974 973032051 769659417 791461021 116476521 139288676
237551679 352242196 635925609 658523970 353017517 888403456 109280563 583083345
475702240 595917687 597189726 750840147 300274285 300469709 474122811 719381843
474327134 787890304 689027437 975046903 646319375 945500535 537010533 653971007
627003058 983603003 605778772 845498507 270980430 984787182 475738977 722255292
74855212 233295614 111664585 963258667 73461500 438829482 398858364 914531721
2214862 669379186 364237798 822365247 302489146 838360608 394263441 776816279
369310343 478767263 318360067 977602989 167327229 972331074 3446584 514613522
212628380 451850483 609225355 722830912 49931913 183996998 51086241 124787124
162750825 417292611 856122092 940562142 191936857 236212324 623170164 758107862
194151718 839924313 496640864 580473108 530801272 974736548 9568534 273457142
196563242 591817209 363890470 839687875 206817748 416664634 367337053 868515116
419446127 976562407 443862379 469378039 13075757 494948619 430368367 594165162
387243655 657699444 139006811 746428119 579180512 614693326 504535980 773332229
454617639 937525439 269973092 985418910 395946586 764778338 847503796 961341579
539708022 987763794 177748401 256944779 397601805 746525769 125459894 165971895
226680564 569322272 239756320 635349933 64270891 82031446 574486686 670124686
469275100 661647848 48455611 173431156 276341174 677967136 583475164 674304192
468008926 944277283 232787264 421410425 121430572 192740220 33020365 46645194
76909946 661138593 289965143 407664361 415425036 474511751 426152607 701192314
61502539 837263660 754050902 940948633 463589670 996050336 181053939 317841788
125237518 354485094 218813750 254095043 32452229 893117941 352977507 837570206
258980630 689911576 585764770 882651795 380411202 484926315 41549794 915672160
205637302 561836261 36348011 301730507 473578690 727883113 310842349 737540324
531005308 641902004 64893250 490468691 98463540 994594977 119832494 808310478
27124228 452948633 226443888 337917214 64014093 920242168 462670095 690894720
129175841 175511075 345321890 555922276 113510401 614102155 175938415 449988421
319147702 604235279 64802777 792726391 184634744 802343100 826536747 956085091
185864759 873494692 169521789 180459736 971958231 977832267 152808581 424906864
4956494 379252469 762824077 777715013 295782913 306235148 92901460 471293987
435410988 438223349 27216262 49513142 329721035 551733749 77967909 723397802
142770685 933956313 118591056 368640545 324725635 945113785 130978543 797644154
50736679 967165943 22694909 163954630 169279563 797514561 300118124 654987406
62942200 548532031 285218770 844314943 221693699 378120229 168125282 657104686
47857895 816343577 220593677 706617828 377578929 784585736 164051594 943991479
165148375 927356420 135159001 724986556 489874009 785319507 540610687 708481451
605001801 724952432 402516361 415821948 715940071 894231994 57503766 295280376
195238887 631398623 139595319 853092321 160236952 573359116 242219044 510197007
69331186 208094846 462812721 585673775 259320551 706433273 486306044 602241720
424468925 737400720 63808952 766859285 375236578 772290402 159986324 980238378
349759185 575808271 235271090 243991179 145291207 291748341 539271554 923146963
340530094 531383224 628755636 913889209 138952642 691620175 156108252 899715021
60800179 471437324 337905147 767233451 730757874 940146866 7743150 106055846
169864797 530063937 774602435 905300515 934588758 942155198 144430735 738055244
362913380 973326334 388421913 654661720 118617540 780209818 430325035 459147633
59080670 164109394 225553193 855729568 50549663 381661445 607960940 963866193
798382438 853098768 436372994 583615995 591045655 689671840 121109592 296632495
71234929 859536637 654208186 878926458 469498053 858340038 73769769 798638920
39577184 442824386 413958278 728431489 11272875 819787002 873105910 983896395
98659103 922869896 692142314 825935910 152619606 332836899 38452018 789802102
225934448 951002043 327341363 542047698 623973858 915606287 515673641 775142923
247116450 547725138 258581528 281867461 80506380 716614502 11955240 332351296
60782784 120083564 425913517 939870565 151535778 924572010 776283311 847441905
102711232 468425624 288064482 525894166 168212619 621045229 326516500 424563624
394147066 653857862 309753353 966611321 130348071 334801313 678073209 937412627
219280087 434434114 3564967 936654736 152302819 269006031 15520206 272386382
182305167 293950074 64773298 106877176 445485852 841056608 400713435 806835433
161998583 185245950 635560164 688777917 15294416 353458569 60123787 747605634
521668629 879251459 57358986 652016700 66569123 847287965 182606260 501003236
66568051 119260995 71387221 504568202 240783377 520088408 343773602 423088543
261063251 814038481 112040684 382482071 41833855 102119858 116634793 512754119
54048387 227079804 580538372 752194956 69342802 664835094 180660358 443527782
90535695 544086552 610655674 948060833 130667092 937823659 111658909 856908062
102444438 468743462 343227815 928295282 124585236 988831869 655386702 766316357
1314779 385648486 340284696 619943737 43148633 132697855 122744789 456919488
39262593 61630795 108605394 555799512 726465888 736459869 123068791 404649528
205226712 826995564 586240816 764819222 335893804 550416076 438338241 474243635
19159537 402538917 781566055 860507758 400398764 527124152 368410811 912772637
254229894 988354547 105573684 149894879 562493171 973568754 12831346 272639667
476640317 828439178 55622556 973953092 231118971 417415399 178691346 244410962
436345682 764932161 772239485 861746535 167864588 335990170 63094078 187024125
