20 50
0.279627 0.456449 0.162539 0.122273 0.354607 0.151082 0.351377 0.075627 0.102299 0.334102 0.088967 0.098881 0.408075 0.149120 0.250063 0.302882 0.413867 0.174650 0.248261 0.273376 
1 4 20 0.706269
1 6 16 0.808316
0 6 20
1 6 13 0.837649
0 4 15
1 6 18 0.918919
0 6 12
1 8 12 0.801574
1 9 17 0.928669
1 8 17 0.924952
0 1 12
0 6 18
1 4 14 0.831159
1 9 20 0.849613
1 9 18 0.946199
1 11 19 0.947418
0 5 14
1 11 20 0.847423
1 1 10 0.729594
1 1 1 0.712116
1 1 18 0.810510
1 13 19 0.983617
1 8 14 0.800952
1 2 17 0.987096
1 3 17 0.992149
1 2 13 0.877489
1 4 10 0.747863
0 5 17
0 8 16
0 3 10
1 7 18 0.800529
1 2 18 0.915656
1 6 15 0.951411
0 3 15
0 3 9
1 2 10 0.845858
0 8 20
0 1 11
0 10 20
1 7 19 0.949032
0 4 14
0 5 14
1 7 18 0.754197
0 1 1
0 6 15
0 2 8
1 14 20 0.833625
0 1 9
1 2 11 0.997221
0 2 9
